10	10	10	10	10	10	10	10	10	10	10	10	10	10	10	10	10	10	10	10	10	10	10	10	10	10	10	10	10	10	10	10	10	10	10	10	10	10	10	10	10	10	10	10	10	10 
50	90	90	90	90	90	90	40	10	10	10	50	90	90	90	90	90	90	90	40	10	10	10	50	90	90	90	90	90	90	90	40	10	10	10	50	90	90	90	90	90	90	90	40	10	10
70	112	129	121	113	121	129	60	10	10	10	70	110	131	113	121	113	131	110	60	10	10	10	70	110	129	113	121	113	129	110	60	10	10	10	70	111	133	114	122	114	133	111	60	10	10	
70	100	100	100	100	100	100	45	90	90	90	55	100	100	100	100	100	100	100	45	90	90	90	55	100	100	100	100	100	100	100	45	90	90	90	55	100	100	100	100	100	100	100	60	10	10
70	100	100	100	100	100	100	110	129	113	129	110	100	100	100	100	100	100	100	110 110	129	113	110	100	100	100	100	100	100	100	111	133	114	133	111	100	100	100	100	100	100	100	60	10	10
70	100	100	100 100	100	100	115	119	119	119	116	100	100	100	100	100	100	100	115	119	119	119	116	100	100	100	100	100	100	100	115	119	119	119	116	100	100	100	100	100	100	100	60	10	10
70	100	100	100	100	100	100	117	120	120	120	118	100	100	100	100	100	100	100	117	120	120	120	118	100	100	100	100	100	100	100	117	120	120	120	118	100	100	100	100	100	100	100	60	10	10
70	100	126	128	128	127	100	25	80	80	80	35	100	126	128	128	127	100	100	25	80	80	80	35	100	100	126	128	128	127	100	25	80	80	80	35	100	126	128	128	127	100	100	60	10	10
70	100	123 125	125	124	100	60	10	10	10	70	100	123 125	125	124	100	100	60	10	10	10	70	100	100	123 125	125	124	100	60	10	10	10	70	100	123 125	125	124	100	100	60	10	10
30	80	80	80	80  80	80	20	10	10	10	30	80	80	80	80  80	80	80	20	10	10	10	30	80	80  80	80	80	80	80	20	10	10	10	30	80	80	80	80	80	80  80	20	10	10
10	10	10	10	10	10	10	10	10	10	10	10	10	10	10	10	10	10	10	10	10	10	10	10	10	10	10	10	10	10	10	10	10	10	10	10	10	10	10	10	10	10	10	10	10	10
10	10	10	10	10	10	10	10	10	10	10	10	10	10	10	10	10	10	10	10	10	10	10	10	10	10	10	10	10	10	10	10	10	10	10	10	10	10	10	10	10	10	10	10	10	10